ONEWEB-0012             
1 44057U 19010A   21157.83338744 -.00000056  00000-0 -16769-3 0  9992
2 44057  87.9184 263.4817 0001947  98.5270 261.6084 13.21812031109674
ONEWEB-0010
1 44058U 19010B   21157.83498679 -.00000271  00000-0 -68803-3 0  9992
2 44058  87.9186 263.4906 0002118 105.4994 254.6374 13.21811380109724
ONEWEB-0008
1 44059U 19010C   21157.83178997  .00002034  00000-0  48929-2 0  9994
2 44059  87.9190 263.5038 0002327 100.8755 259.2641 13.21803297109820
ONEWEB-0007
1 44060U 19010D   21157.83653245 -.00000046  00000-0 -14385-3 0  9993
2 44060  87.9184 263.4834 0002106  96.8118 263.3255 13.21811168109834
ONEWEB-0006
1 44061U 19010E   21157.83808979 -.00000098  00000-0 -26872-3 0  9991
2 44061  87.9191 263.5013 0001986 100.3893 259.7465 13.21815481109899
ONEWEB-0011
1 44062U 19010F   21157.83964648 -.00000034  00000-0 -11314-3 0  9993
2 44062  87.9194 263.5164 0001914  92.2609 267.8744 13.21810731109887
ONEWEB-0013
1 45131U 20008A   21157.75879908 -.00000412  00000-0 -12341-2 0  9995
2 45131  87.9189  57.1222 0001396  64.9817 295.1454 13.09308725 65741
ONEWEB-0017
1 45132U 20008B   21157.90748861  .00000382  00000-0  10568-2 0  9999
2 45132  87.8873  41.3153 0002532  79.5679 280.5733 13.10375229 67464
ONEWEB-0020
1 45133U 20008C   21158.10538792  .00000087  00000-0  21210-3 0  9992
2 45133  87.8882  41.2638 0002666  61.9584 298.1813 13.10377421 68663
ONEWEB-0021
1 45134U 20008D   21158.12096797  .00000668  00000-0  18768-2 0  9997
2 45134  87.8782  41.2058 0001579  78.8315 281.2990 13.10379770 69063
ONEWEB-0022
1 45135U 20008E   21157.91682152 -.00000144  00000-0 -44918-3 0  9998
2 45135  87.8875  41.2972 0002359  76.9381 283.2010 13.10369584 67864
ONEWEB-0023
1 45136U 20008F   21157.90435856  .00000535  00000-0  14971-2 0  9992
2 45136  87.8791  41.2933 0001158  55.4906 304.6330 13.10372526 67593
ONEWEB-0024
1 45137U 20008G   21157.79840271  .00000042  00000-0  83720-4 0  9994
2 45137  87.8827  41.3289 0001472  75.1442 284.9848 13.10372397 67749
ONEWEB-0025
1 45138U 20008H   21158.12252966  .00000691  00000-0  19437-2 0  9993
2 45138  87.8869  41.3281 0001635  73.6265 286.5042 13.10374568 68865
ONEWEB-0026
1 45139U 20008J   21158.07735362 -.00113926  00000-0 -32686+0 0  9990
2 45139  87.8868  26.1614 0002960  83.2940 276.8524 13.11120934 71368
ONEWEB-0028
1 45140U 20008K   21158.06851229  .00000077  00000-0  18631-3 0  9990
2 45140  87.4472  40.6852 0006380  59.2582 300.9172 13.09335297 68021
ONEWEB-0032
1 45141U 20008L   21157.90903346  .00000268  00000-0  73052-3 0  9991
2 45141  87.8848  41.3712 0001688  82.8308 277.3011 13.10371627 67814
ONEWEB-0033
1 45142U 20008M   21157.72983896  .00000346  00000-0  95482-3 0  9998
2 45142  87.8853  41.3470 0001717  80.1190 280.0131 13.10374596 67705


