STARLINK-24
1 44238U 19029D   21148.28082230  .00006219  00000-0  33733-3 0  9993
2 44238  52.9964  80.2955 0001349  76.7644 283.3498 15.15813099111280
STARLINK-61
1 44249U 19029Q   21148.23350222  .00004527  00000-0  21276-3 0  9998
2 44249  53.0079  55.9892 0005878  12.6433 347.4708 15.21528706111715
STARLINK-71
1 44252U 19029T   21148.28251350  .00008204  00000-0  41606-3 0  9994
2 44252  52.9982  82.3164 0001506 106.3661 253.7497 15.17780233111257
STARLINK-43
1 44257U 19029Y   21148.37898743  .00025081  00000-0  57435-3 0  9991
2 44257  53.0005 335.0191 0001109 168.4421 191.6609 15.42652228112852
STARLINK-68
1 44279U 19029AW  21147.97308695  .00311979  47511-4  95765-3 0  9996
2 44279  52.9889 327.5464 0007706 271.2254  88.7888 15.91333529112858
STARLINK-70
1 44281U 19029AY  21148.09015206  .00053806  00000-0  76608-3 0  9991
2 44281  52.9974   9.5825 0002784 169.1294 190.9777 15.55834281112274
STARLINK-80
1 44282U 19029AZ  21148.03904058  .00015873  00000-0  52712-3 0  9990
2 44282  53.0209  13.5113 0003126 191.2579 168.8351 15.31391963112288
STARLINK-76
1 44287U 19029BE  21148.00131626  .00070630  00000-0  91816-3 0  9995
2 44287  52.9942 358.8540 0003374 172.0933 188.0131 15.58163552113539
STARLINK-1007
1 44713U 19074A   21148.27375539  .00000899  00000-0  79198-4 0  9991
2 44713  53.0568 106.5838 0001296  44.8179 315.2914 15.06404906 85698
STARLINK-1008
1 44714U 19074B   21148.25531183  .00000682  00000-0  64654-4 0  9990
2 44714  53.0567 106.6684 0001192  61.3234 298.7875 15.06406014 85692